x0=1;
x1=3;
x2=5;
x3=1;
x4=5;
x5=7;
xl=[x0,x1,x2];
xr=[x3,x4,x5];
A=[1,2,3;4,5,7;7,8,10];
B=[2,3,4;5,7,7;8,11,10];
bl=A*xl'
br=B*xr'
AA=[A,zeros(3);zeros(3),B]
bb=[bl',br']'
AAA=[1,2,3,0;4,5,7,0;7,8,10,0;8,0,11,10]
